tree
version=v4
num_class=1
num_tree_per_iteration=1
label_index=0
max_feature_idx=9
objective=lambdarank
feature_names=worker_lat worker_lon charge num_bookings distance_km_scaled distance_bucket service_match worker_avg_rating worker_total_bookings user_avg_rating
feature_infos=[-89.808710000000005:89.915057500000003] [-179.72984:179.90806000000001] [0:2999] [1:19] [0.51793363363614087:76.319081835047015] -1:2:3:1:0 none [1:5] [1:231] [2:4.5714285714285712]
tree_sizes=642 671 868 876 1181 879 674 865 1251 849 962 1020 668 671 648 558 662 662 670 670 683 681 549 550 681 550 664 927 562 768 759 851 649 854 762 667 659 757 656 664 782 945 860 861 832 863

Tree=0
num_leaves=5
num_cat=0
split_feature=7 7 7 9
split_gain=42.6043 2.52387 2.34534 1.86719
threshold=2.7182810245310249 2.3291985791985796 2.9269952850345011 2.6357142857142861
decision_type=2 2 2 2
left_child=1 -1 -2 -3
right_child=2 3 -4 -5
leaf_value=-0.031466037211912705 0.0048832512073086875 -0.018146101418155182 0.030385797590054768 0
leaf_weight=6.2103425193345201 4.5443405507830894 5.7003324724500981 10.110975379822774 6.9058334202272817
leaf_count=215 133 92 630 200
internal_value=0 -0.0195693 0.0245725 -0.0103567
internal_weight=33.4718 18.8165 14.6553 12.6062
internal_count=1270 507 763 292
is_linear=0
shrinkage=0.02


Tree=1
num_leaves=5
num_cat=0
split_feature=7 7 7 9
split_gain=221.327 26.5302 24.5545 16.3246
threshold=2.7182810245310249 2.9986111111111113 2.3291985791985796 2.6357142857142861
decision_type=2 2 2 2
left_child=2 -2 -1 -4
right_child=1 -3 3 -5
leaf_value=-0.036915360696691261 0.0077136927307138153 0.033469119882409082 -0.024302215661730402 -0.0042962289123415088
leaf_weight=27.447272477118531 28.224443210478057 48.198123592912452 31.5871474378946 39.740408419893356
leaf_count=215 171 592 92 200
internal_value=-0.00082331 0.0244379 -0.0206175 -0.0136458
internal_weight=175.197 76.4226 98.7748 71.3276
internal_count=1270 763 507 292
is_linear=0
shrinkage=0.02


Tree=2
num_leaves=7
num_cat=0
split_feature=7 7 7 3 7 7
split_gain=149.591 24.06 20.6081 15.3733 6.50606 1.49936
threshold=2.7182810245310249 3.1180555555555558 2.5988095238095243 2.5000000000000004 2.3291985791985796 2.8680555555555558
decision_type=2 2 2 2 2 2
left_child=2 3 4 -2 -1 -5
right_child=1 -3 -4 5 -6 -7
leaf_value=-0.03541051821584662 0.026328467630196063 0.035070994697991194 -0.0014184836933159198 0.0043153904623024816 -0.018137242288444023 -0.0054098874582223832
leaf_weight=21.298033683095127 12.334873671643434 28.816109638195485 21.823930574581027 11.217920365743341 37.506529530044645 11.717894927598534
leaf_count=215 104 446 97 72 195 141
internal_value=-0.00095853 0.0215203 -0.0191154 0.00923637 -0.0252153 0
internal_weight=144.715 64.0868 80.6285 35.2707 58.8046 22.9358
internal_count=1270 763 507 317 410 213
is_linear=0
shrinkage=0.02


Tree=3
num_leaves=7
num_cat=0
split_feature=7 1 9 7 1 7
split_gain=124.351 18.9846 28.0245 18.2074 9.3244 0.615064
threshold=2.7182810245310249 24.497237500000004 2.4500000000000006 2.9986111111111113 -20.936843999999997 3.2528957626480852
decision_type=2 2 2 2 2 2
left_child=1 2 -1 -2 -4 -5
right_child=3 -3 4 5 -6 -7
leaf_value=-0.026343000375793436 0.0047149484968264941 -0.028398418689503001 -0.0042822399340444271 0.017637806076959053 0.019785475848279804 0.034382307335214038
leaf_weight=16.620038583874702 20.148785062134266 36.12183297984302 11.543670955114068 11.301364562474189 10.644230341538785 23.297787920571864
leaf_count=46 171 244 141 194 76 398
internal_value=-0.00114477 -0.0179336 -0.007222 0.0213837 0.00675661 0.0301238
internal_weight=129.678 74.9298 38.8079 54.7479 22.1879 34.5992
internal_count=1270 507 263 763 217 592
is_linear=0
shrinkage=0.02


Tree=4
num_leaves=10
num_cat=0
split_feature=9 9 8 1 0 1 8 3 0
split_gain=55.2502 21.7207 16.6029 11.7431 7.05344 2.74544 2.26898 3.88151 0.867736
threshold=2.9698247354497358 2.2916666666666674 54.000000000000007 75.40447376617864 -39.844496749999998 75.384910070258329 20.000000000000004 1.5000000000000002 12.9675854796645
decision_type=2 2 2 2 2 2 2 2 2
left_child=1 -1 -2 4 -3 -4 7 -6 -5
right_child=2 3 5 8 6 -7 -8 -9 -10
leaf_value=-0.033196782387813678 0.030245268200972425 -0.013488029200605463 -0.0016430831553447996 -0.0056460279065826402 0.010728552092725479 0.010585437206448832 0.010919778980648579 -0.007436419243266176 -0.021981913969620785
leaf_weight=14.250496554188429 19.113170364871621 9.7213075915351492 11.246413276530804 6.6589948926121023 7.1409241897054079 12.009793003555385 13.916493960656224 10.131339476909487 13.014316190965472
leaf_count=42 121 146 76 131 63 140 70 326 155
internal_value=-0.00108975 -0.0115349 0.0167381 -0.00565844 6.77291e-05 0.0040234 0.00520206 0 -0.0179606
internal_weight=117.203 74.8339 42.3694 60.5834 40.9101 23.2562 31.1888 17.2723 19.6733
internal_count=1270 933 337 891 605 216 459 389 286
is_linear=0
shrinkage=0.02


Tree=5
num_leaves=7
num_cat=0
split_feature=7 7 9 9 1 0
split_gain=77.254 25.5475 18.1624 5.79729 11.3912 0.604315
threshold=2.9986111111111113 2.3291985791985796 2.9994047619047621 2.4500000000000006 57.739409500000001 12.947147239606748
decision_type=2 2 2 2 2 2
left_child=1 -1 3 -3 -5 -2
right_child=5 2 -4 4 -6 -7
leaf_value=-0.03199171761045759 0.013415900506836602 -0.02159917852055027 0.010229997815390215 0.0047009618924151444 -0.019952334095855638 0.032997874369122895
leaf_weight=15.928931445872875 6.9290414119605002 14.979408346669514 21.959955903992523 16.684047910443045 11.157274955621686 18.894006855785847
leaf_count=224 223 61 140 145 106 354
internal_value=-7.85454e-05 -0.00992884 -0.00379588 -0.0115146 -0.00483452 0.0291852
internal_weight=106.533 80.7096 64.7807 42.8207 27.8413 25.823
internal_count=1253 676 452 312 251 577
is_linear=0
shrinkage=0.02


Tree=6
num_leaves=5
num_cat=0
split_feature=7 7 1 7
split_gain=72.345 23.0994 12.0969 5.90962
threshold=2.9986111111111113 2.5988095238095243 75.263010734523462 2.3291985791985796
decision_type=2 2 2 2
left_child=1 3 -3 -1
right_child=-2 2 -4 -5
leaf_value=-0.030940286663828274 0.029826608142887536 0.012814252800113486 -0.0097951530455703192 -0.012050283181122334
leaf_weight=14.538783616852013 23.346302033867687 18.635834173765033 16.774039531126618 25.97050508344546
leaf_count=224 577 113 148 191
internal_value=-2.08439e-05 -0.00972784 0.00157977 -0.0198938
internal_weight=99.2655 75.9192 35.4099 40.5093
internal_count=1253 676 261 415
is_linear=0
shrinkage=0.02


Tree=7
num_leaves=7
num_cat=0
split_feature=7 9 7 4 9 7
split_gain=62.1762 22.8724 15.7331 14.3405 2.91852 1.72001
threshold=2.9986111111111113 2.3722222222222227 2.3875000000000006 27.827869190478118 2.7468750000000006 2.3244891021676737
decision_type=2 2 2 8 2 2
left_child=1 -1 5 -4 -5 -3
right_child=-2 2 3 4 -6 -7
leaf_value=-0.030120886412859104 0.02905010122559112 -0.02747365543590323 -0.012345045058204275 0.0022701867817212125 0.017276496256848597 -0.0058928270537339554
leaf_weight=15.195088485255836 21.4416185002774 7.8805004367604834 13.929794129915534 13.126194220967591 15.676853797398508 6.0130847906693816
leaf_count=76 577 194 116 57 181 52
internal_value=0 -0.00902535 -0.00259306 0.00310699 0.0114145 -0.0204992
internal_weight=93.2631 71.8215 56.6264 42.7328 28.803 13.8936
internal_count=1253 676 600 354 238 246
is_linear=0
shrinkage=0.02


Tree=8
num_leaves=11
num_cat=0
split_feature=9 9 1 4 3 1 3 1 3 9
split_gain=34.4045 11.716 11.5508 11.4731 3.94668 3.14718 1.70982 0.865919 0.480649 0.213634
threshold=2.9698247354497358 2.3388888888888895 75.40447376617864 3.9125818733987527 3.5000000000000004 75.413248363154921 1.5000000000000002 -7.8643094999999992 3.5000000000000004 2.7400771103896111
decision_type=2 2 2 10 2 2 2 2 2 2
left_child=1 -1 4 -2 6 -5 -3 -6 -4 -8
right_child=3 2 8 5 7 -7 9 -9 -10 -11
leaf_value=-0.025112603448397053 0.031309467942648508 0.0034683480324701728 -0.023287739864928717 -0.00089481430781535834 0.018127888678270955 0.012410540307664159 -0.011047983181477374 0 -0.0067128662765084477 0
leaf_weight=13.901558922138063 11.657517198473213 8.943991013336932 7.5259403334930521 10.328650157898666 5.8889461196959019 11.687002920545636 4.5201017558574659 3.6902205762453359 6.8480727900750935 4.2116391146555543
leaf_count=78 86 91 122 112 151 138 24 120 141 190
internal_value=0 -0.00962667 -0.00351835 0.0156783 0.00358344 0.00553169 -0.00113393 0.0134629 -0.0176423 -0.00777519
internal_weight=89.2036 55.5305 41.6289 33.6732 27.2549 22.0157 17.6757 9.57917 14.374 8.73174
internal_count=1253 917 839 336 576 250 305 271 263 214
is_linear=0
shrinkage=0.02


Tree=9
num_leaves=7
num_cat=0
split_feature=9 8 9 1 8 0
split_gain=30.568 12.1625 8.59705 9.5175 7.4533 1.01415
threshold=2.9698247354497358 61.000000000000007 2.3388888888888895 75.40447376617864 6.5000000000000009 -13.116721499999999
decision_type=2 2 2 2 2 2
left_child=2 -2 -1 4 -4 -6
right_child=1 -3 3 -5 5 -7
leaf_value=-0.023567673830104791 0.025248371072508595 0 -0.013789441202193367 -0.017313807496705087 0.00024848993510017059 0.012947375231175531
leaf_weight=12.805546251125632 18.134939759969711 14.618158836383371 6.3894420415163067 13.375714862719176 7.4712699246592846 11.788212299812583
leaf_count=78 155 181 271 263 108 197
internal_value=0 0.0147397 -0.00962481 -0.00407539 0.00246849 0.00926375
internal_weight=84.5833 32.7531 51.8302 39.0246 25.6489 19.2595
internal_count=1253 336 917 839 576 305
is_linear=0
shrinkage=0.02


Tree=10
num_leaves=8
num_cat=0
split_feature=9 9 8 8 1 0 9
split_gain=27.3157 7.74068 12.8069 4.65032 5.96566 1.31467 0.11118
threshold=2.3388888888888895 2.9994047619047621 54.000000000000007 5.5000000000000009 75.40447376617864 13.044097284578664 2.7400771103896111
decision_type=2 2 2 2 2 2 2
left_child=-1 3 -3 -2 5 6 -5
right_child=1 2 -4 4 -6 -7 -8
leaf_value=-0.023830944360547671 -0.014749928421044969 0.028176996863077487 0.00049944067079377521 0 -0.0060731597607162104 0.01572788668866721 0.0048529054385336012
leaf_weight=12.845868113916366 5.2589550893753758 13.439562303945424 15.387305238284169 6.3609762117266673 12.527868323493747 10.342509367503224 5.9647812880575657
leaf_count=82 279 120 199 39 189 152 168
internal_value=0.00155086 0.00681369 0.0145858 0.000574883 0.00376148 0.0100687 0.00299526
internal_weight=82.1278 69.282 28.8269 40.4551 35.1961 22.6683 12.3258
internal_count=1228 1146 319 827 548 359 207
is_linear=0
shrinkage=0.02


Tree=11
num_leaves=9
num_cat=0
split_feature=9 9 4 1 3 9 3 3
split_gain=23.5668 6.83645 10.2192 2.79293 2.63418 1.68648 0.35121 0.347236
threshold=2.3388888888888895 2.9994047619047621 13.442606314250357 75.40447376617864 3.5000000000000004 2.7468750000000006 1.5000000000000002 2.5000000000000004
decision_type=2 2 10 2 2 2 2 2
left_child=-1 3 -3 4 6 -5 -2 -8
right_child=1 2 -4 5 -6 -7 7 -9
leaf_value=-0.022815074708978048 0.0024412546412303613 0.024758023429727733 0 0 0.012355549138754113 -0.012297061483335245 0 -0.0065526695901624524
leaf_weight=12.027478204574434 7.9206775380298557 14.7404478546232 13.446963340509681 6.0176900047808868 9.6852627918124181 7.0785675249062479 4.2001283573918027 4.2684396672993898
leaf_count=82 88 163 156 34 277 227 101 100
internal_value=0.00152855 0.00643809 0.0138026 0.000429001 0.00461859 -0.00622951 0 -0.00303678
internal_weight=79.3857 67.3582 28.1874 39.1708 26.0745 13.0963 16.3892 8.46857
internal_count=1228 1146 319 827 566 261 289 201
is_linear=0
shrinkage=0.02


Tree=12
num_leaves=5
num_cat=0
split_feature=7 7 4 7
split_gain=55.3224 11.9027 13.8198 2.3538
threshold=2.5988095238095243 3.077500277500278 28.184444402621601 2.3291985791985796
decision_type=2 2 8 2
left_child=3 2 -2 -1
right_child=1 -3 -4 -5
leaf_value=-0.028151519864976812 -0.011560081130597704 0.029679295601783895 0.015682539998587389 -0.011763719307920839
leaf_weight=10.755708374083044 9.269956896081565 15.176172398962079 22.335398253519092 19.589808959048241
leaf_count=205 110 432 290 191
internal_value=0.00146147 0.0152221 0.00696931 -0.0189231
internal_weight=77.127 46.7815 31.6054 30.3455
internal_count=1228 832 400 396
is_linear=0
shrinkage=0.02


Tree=13
num_leaves=5
num_cat=0
split_feature=7 7 7 8
split_gain=48.1366 10.9525 2.3384 2.26446
threshold=2.5988095238095243 2.9986111111111113 2.3291985791985796 25.000000000000004
decision_type=2 2 2 2
left_child=2 3 -1 -2
right_child=1 -3 -4 -5
leaf_value=-0.02735717800519891 0.0097673979957141836 0.025484467521052708 -0.010804589754948008 -0.001011165586574781
leaf_weight=10.074678513687106 13.007954752072694 20.136036774609238 18.503092588856816 10.829624379519371
leaf_count=205 125 572 191 135
internal_value=0.00149291 0.0147531 -0.0180438 0.00422181
internal_weight=72.5514 43.9736 28.5778 23.8376
internal_count=1228 832 396 260
is_linear=0
shrinkage=0.02


Tree=14
num_leaves=5
num_cat=0
split_feature=7 7 7 7
split_gain=44.233 5.99144 4.30295 1.87152
threshold=2.7361111111111112 2.5988095238095243 3.077500277500278 2.3291985791985796
decision_type=2 2 2 2
left_child=1 3 -2 -1
right_child=2 -3 -4 -5
leaf_value=-0.026497998473851245 0.0097391897306359065 0 0.028046690493327555 -0.010537542781311568
leaf_weight=9.5006375643424708 18.29179070098326 10.364716770593075 13.536328092217444 17.665630793198943
leaf_count=205 304 96 432 191
internal_value=0.00146214 -0.0127873 0.0187517 -0.0175719
internal_weight=69.3591 37.531 31.8281 27.1663
internal_count=1228 492 736 396
is_linear=0
shrinkage=0.02


Tree=15
num_leaves=4
num_cat=0
split_feature=7 7 1
split_gain=45.0114 11.5386 6.7283
threshold=2.6474657287157295 2.9986111111111113 42.410176500000006
decision_type=2 2 2
left_child=-1 2 -2
right_child=1 -3 -4
leaf_value=-0.019179253512905926 0.015305971330757716 0.026703485705439029 -0.0057491253901407139
leaf_weight=27.075088701676577 9.6273217154666799 15.933647779282181 11.688807183410971
leaf_count=421 89 579 160
internal_value=0 0.0141674 0.00312384
internal_weight=64.3249 37.2498 21.3161
internal_count=1249 828 249
is_linear=0
shrinkage=0.02


Tree=16
num_leaves=5
num_cat=0
split_feature=7 7 1 1
split_gain=40.4244 10.409 5.65374 0.220185
threshold=2.6474657287157295 2.9986111111111113 42.410176500000006 57.739409500000001
decision_type=2 2 2 2
left_child=3 2 -2 -1
right_child=1 -3 -4 -5
leaf_value=-0.011564928133422676 0.014463461610085999 0.025932517791644415 -0.0051007480863995355 -0.024227402678924963
leaf_weight=15.013052782043816 9.1986397653818148 15.240065865684299 11.347743308637289 11.207004206720738
leaf_count=267 89 579 160 154
internal_value=0 0.0137461 0.0029947 -0.0184031
internal_weight=62.0065 35.7864 20.5464 26.2201
internal_count=1249 828 249 421
is_linear=0
shrinkage=0.02


Tree=17
num_leaves=5
num_cat=0
split_feature=7 7 1 1
split_gain=35.767 9.68736 5.07766 0.463068
threshold=2.6474657287157295 2.9986111111111113 42.410176500000006 57.739409500000001
decision_type=2 2 2 2
left_child=3 2 -2 -1
right_child=1 -3 -4 -5
leaf_value=-0.010664249832779357 0.013723304704865009 0.025202600202213155 -0.0050933412797522911 -0.023802574043702517
leaf_weight=14.701768490485849 8.9037991343066114 14.591033913893623 10.969938676338641 10.532075929921119
leaf_count=267 89 579 160 154
internal_value=0 0.0131928 0.0026323 -0.0176086
internal_weight=59.6986 34.4648 19.8737 25.2338
internal_count=1249 828 249 421
is_linear=0
shrinkage=0.02


Tree=18
num_leaves=5
num_cat=0
split_feature=7 7 2 3
split_gain=32.2046 8.85576 2.14974 0.671185
threshold=2.6474657287157295 2.9986111111111113 1.0000000180025095e-35 2.5000000000000004
decision_type=2 2 2 2
left_child=3 2 -2 -1
right_child=1 -3 -4 -5
leaf_value=-0.007969551334191298 0.0082615533090956497 0.024505252009158138 -0.0037907984542281067 -0.021411827907052716
leaf_weight=10.620760894846173 11.609174415469171 13.981954167596994 7.7829822348430744 13.899304184131323
leaf_count=153 136 579 113 268
internal_value=0 0.0127425 0.00249492 -0.0169135
internal_weight=57.8942 33.3741 19.3922 24.5201
internal_count=1249 828 249 421
is_linear=0
shrinkage=0.02


Tree=19
num_leaves=5
num_cat=0
split_feature=7 7 2 7
split_gain=28.6086 8.33009 1.74815 1.25242
threshold=2.6474657287157295 2.9986111111111113 1.0000000180025095e-35 2.3875000000000006
decision_type=2 2 2 2
left_child=3 2 -2 -1
right_child=1 -3 -4 -5
leaf_value=-0.021892910694489762 0.0074957348117321325 0.023846795625926648 -0.0033662878817054286 -0.0074789234161403428
leaf_weight=12.019612220581623 11.414633722975852 13.440559225855393 7.6476753121241918 12.014645476359872
leaf_count=260 136 579 113 161
internal_value=0 0.0121872 0.00219049 -0.0160729
internal_weight=56.5371 32.5029 19.0623 24.0343
internal_count=1249 828 249 421
is_linear=0
shrinkage=0.02


Tree=20
num_leaves=5
num_cat=0
split_feature=7 7 3 2
split_gain=29.0005 6.35837 3.64757 0.228219
threshold=2.9357147019647027 2.3875000000000006 2.5000000000000004 1.0000000180025095e-35
decision_type=2 2 2 2
left_child=1 -1 -3 -4
right_child=-2 2 3 -5
leaf_value=-0.020573442039705524 0.022550610338082883 0.0043380614976788173 -0.0022963641853341538 -0.012691695530253301
leaf_weight=11.320140914991496 16.272912829183042 13.258532932493837 8.2268379060551506 7.6363094728440037
leaf_count=258 605 108 165 89
internal_value=0.000469617 -0.00826245 -0.00228882 -0.00894243
internal_weight=56.7147 40.4418 29.1217 15.8631
internal_count=1225 620 362 254
is_linear=0
shrinkage=0.02


Tree=21
num_leaves=5
num_cat=0
split_feature=7 7 0 1
split_gain=26.775 6.10717 3.53828 0.759194
threshold=2.9357147019647027 2.3875000000000006 18.879573500000003 -2.5574394999999996
decision_type=2 2 2 2
left_child=1 -1 3 -3
right_child=-2 2 -4 -5
leaf_value=-0.020292894706315963 0.021938513062225606 -0.00037877350347152207 0.0064445149129132295 -0.011204570596818045
leaf_weight=11.123119621537624 15.663239179411901 8.9229389885440469 9.2993389824405295 10.421895531704653
leaf_count=258 605 102 110 150
internal_value=0.000251491 -0.00812845 -0.00220488 -0.00745821
internal_weight=55.4305 39.7673 28.6442 19.3448
internal_count=1225 620 362 252
is_linear=0
shrinkage=0.02


Tree=22
num_leaves=4
num_cat=0
split_feature=7 9 7
split_gain=24.5081 7.00969 3.99015
threshold=2.9357147019647027 2.9994047619047621 2.714312770562771
decision_type=2 2 2
left_child=1 2 -1
right_child=-2 -3 -4
leaf_value=-0.016850404540859339 0.021422630824151797 0.004440820415873673 0
leaf_weight=22.013303130166609 15.226670321775599 10.685536821372805 5.9160621385090044
leaf_count=391 605 140 89
internal_value=0.000392814 -0.00772627 -0.0130652
internal_weight=53.8416 38.6149 27.9294
internal_count=1225 620 480
is_linear=0
shrinkage=0.02


Tree=23
num_leaves=4
num_cat=0
split_feature=7 9 7
split_gain=22.8863 6.16405 3.65759
threshold=2.9357147019647027 2.9994047619047621 2.714312770562771
decision_type=2 2 2
left_child=1 2 -1
right_child=-2 -3 -4
leaf_value=-0.016291744377113147 0.020955636328498041 0.0039180974355849454 0
leaf_weight=21.448770143557343 14.844678675290195 10.368777694413437 5.7795316185802212
leaf_count=391 605 140 89
internal_value=0.000380883 -0.00755706 -0.0126194
internal_weight=52.4418 37.5971 27.2283
internal_count=1225 620 480
is_linear=0
shrinkage=0.02


Tree=24
num_leaves=5
num_cat=0
split_feature=7 7 0 1
split_gain=21.3511 4.79615 2.83204 0.522828
threshold=2.9357147019647027 2.3875000000000006 18.879573500000003 -2.5574394999999996
decision_type=2 2 2 2
left_child=1 -1 3 -3
right_child=-2 2 -4 -5
leaf_value=-0.018697390255452813 0.020496961529473001 -0.00019612331875797529 0.006012654544183536 -0.010120328174785231
leaf_weight=10.077732963021843 14.469731460558249 8.4126089497003704 8.6717732101678831 9.6015292787924444
leaf_count=258 605 102 110 150
internal_value=0.000363251 -0.00736445 -0.00184151 -0.00679163
internal_weight=51.2334 36.7636 26.6859 18.0141
internal_count=1225 620 362 252
is_linear=0
shrinkage=0.02


Tree=25
num_leaves=4
num_cat=0
split_feature=7 7 0
split_gain=22.0798 6.45054 3.12999
threshold=2.9269952850345011 2.5988095238095243 13.050478892352151
decision_type=2 2 2
left_child=1 -1 -3
right_child=-2 2 -4
leaf_value=-0.016417470644366456 0.019598754378575282 -0.0068004636281264429 0.0096999512416992457
leaf_weight=18.970897665712982 14.69680414162576 9.5086657230276632 7.1412998083978882
leaf_count=401 630 148 83
internal_value=0 -0.00874816 0
internal_weight=50.3177 35.6209 16.65
internal_count=1262 632 231
is_linear=0
shrinkage=0.02


Tree=26
num_leaves=5
num_cat=0
split_feature=7 9 1 7
split_gain=20.7336 6.20456 5.06128 4.40559
threshold=2.9269952850345011 2.4500000000000006 57.739409500000001 2.5638122294372301
decision_type=2 2 2 2
left_child=1 -1 3 -3
right_child=-2 2 -4 -5
leaf_value=-0.021534245907774245 0.01914376242779087 -0.0046942035144024738 -0.011804798554503247 0.015673502572855144
leaf_weight=9.8511808817274851 14.358750691637395 6.0578003735281545 11.571373034035785 7.116756197065115
leaf_count=94 630 199 236 103
internal_value=0 -0.00865203 -0.00210966 0.00522678
internal_weight=48.9559 34.5971 24.7459 13.1746
internal_count=1262 632 538 302
is_linear=0
shrinkage=0.02


Tree=27
num_leaves=8
num_cat=0
split_feature=7 7 1 9 9 9 7
split_gain=19.3963 5.66421 1.66924 1.03156 0.431222 0.77257 0.0602943
threshold=2.9269952850345011 2.5988095238095243 42.410176500000006 2.6357142857142861 2.9994047619047621 2.836121418264276 3.077500277500278
decision_type=2 2 2 2 2 2 2
left_child=1 3 -3 -1 5 -5 -2
right_child=6 2 -4 4 -6 -7 -8
leaf_value=-0.020981722710387798 0.0052244722291101223 0.0064341896275933929 -0.0058807346137277963 0 0 -0.01359558741121574 0.022108164565778649
leaf_weight=10.195161107461901 4.5054039485985404 7.9913876145146769 7.543554954463616 1.9700883859768499 3.0127841839566827 2.9293747041374445 9.5108508570119721
leaf_count=100 183 111 120 32 48 221 447
internal_value=0 -0.00848648 0 -0.0157845 -0.00524085 -0.0084102 0.0187223
internal_weight=47.6586 33.6424 15.5349 18.1074 7.91225 4.89946 14.0163
internal_count=1262 632 231 401 301 253 630
is_linear=0
shrinkage=0.02


Tree=28
num_leaves=4
num_cat=0
split_feature=7 9 7
split_gain=18.4066 5.40198 2.3107
threshold=2.9269952850345011 2.9994047619047621 2.5988095238095243
decision_type=2 2 2
left_child=1 2 -1
right_child=-2 -3 -4
leaf_value=-0.018369502358108053 0.018485029478397141 0.0032045559226713182 -0.0025450963646398974
leaf_weight=14.697289622388782 13.582325635245068 8.6652803397737426 9.6324935818556678
leaf_count=353 630 135 144
internal_value=0 -0.00836707 -0.0132418
internal_weight=46.5774 32.9951 24.3298
internal_count=1262 632 497
is_linear=0
shrinkage=0.02


Tree=29
num_leaves=6
num_cat=0
split_feature=7 9 1 7 7
split_gain=17.5662 5.03614 4.06338 3.30598 0.0343541
threshold=2.9269952850345011 2.4500000000000006 57.739409500000001 2.5638122294372301 3.077500277500278
decision_type=2 2 2 2 2
left_child=1 -1 3 -3 -2
right_child=4 2 -4 -5 -6
leaf_value=-0.020390263033755001 0.0045752911127212052 -0.0038341189675805123 -0.011010181430851878 0.014103512544138401 0.021385759207073564
leaf_weight=9.1329909467603994 4.227297573350369 5.6923985308967548 10.95982108125463 6.5677166739478707 9.1160263046622259
leaf_count=94 183 199 236 103 447
internal_value=0 -0.00831178 -0.00208951 0.00460569 0.0181447
internal_weight=45.6963 32.3529 23.2199 12.2601 13.3433
internal_count=1262 632 538 302 630
is_linear=0
shrinkage=0.02


Tree=30
num_leaves=6
num_cat=0
split_feature=7 7 8 7 0
split_gain=13.4492 3.73275 3.27109 1.64137 0.430972
threshold=2.6474657287157295 3.077500277500278 35.500000000000007 2.3291985791985796 13.044205973060878
decision_type=2 2 2 2 2
left_child=3 2 -2 -1 -5
right_child=1 -3 -4 4 -6
leaf_value=-0.020642906429425456 0.010548384720262725 0.020863436498755886 -0.0049607717499166731 -0.0079081512150936239 0
leaf_weight=5.8541538657154915 10.692158951424068 8.4794536745175701 7.3986210862640283 6.6324054456781578 6.6598748927935958
leaf_count=219 271 435 122 116 95
internal_value=0.000683643 0.0101357 0.00323034 -0.0112926 -0.00461904
internal_weight=45.7167 26.5702 18.0908 19.1464 13.2923
internal_count=1258 828 393 430 211
is_linear=0
shrinkage=0.02


Tree=31
num_leaves=7
num_cat=0
split_feature=8 8 0 0 8 0
split_gain=2.50406 1.20461 1.17939 0.807477 0.478473 0.442421
threshold=20.000000000000004 61.000000000000007 26.000187750000006 -78.549393749999993 95.000000000000014 41.747566250000013
decision_type=2 2 2 2 2 2
left_child=2 -2 3 -1 -3 -4
right_child=1 4 5 -5 -6 -7
leaf_value=0 0.0085598745241211166 -0.0037337327681726323 0.0060046152391835337 -0.010993610021626653 0.0044448698715172383 -0.0016698122390481664
leaf_weight=2.7868379757273933 15.157652639783921 5.7925987099297327 3.401229929411782 8.2442897178698349 3.8942525410093367 5.5561922807246447
leaf_count=63 203 105 87 438 148 214
internal_value=0.000707471 0.00521194 -0.00391997 -0.00812514 0 0
internal_weight=44.8331 24.8445 19.9885 11.0311 9.68685 8.95742
internal_count=1258 456 802 501 253 301
is_linear=0
shrinkage=0.02


Tree=32
num_leaves=5
num_cat=0
split_feature=7 7 8 0
split_gain=12.8617 3.45262 3.04131 1.4284
threshold=2.6474657287157295 3.077500277500278 35.500000000000007 52.825919500000005
decision_type=2 2 2 2
left_child=3 2 -2 -1
right_child=1 -3 -4 -5
leaf_value=-0.01404696997676526 0.010453055807482417 0.020575064778895546 -0.0045172413809012974 0
leaf_weight=14.042047601658853 10.482495975680655 8.3350732317194325 7.3114842146169385 4.6304110698401919
leaf_count=352 271 435 122 78
internal_value=0.000816869 0.0101202 0.00332459 -0.0110377
internal_weight=44.8015 26.1291 17.794 18.6725
internal_count=1258 828 393 430
is_linear=0
shrinkage=0.02


Tree=33
num_leaves=7
num_cat=0
split_feature=7 7 1 7 9 1
split_gain=11.8415 3.17661 3.70608 1.59961 0.927317 0.0499585
threshold=2.6474657287157295 3.077500277500278 -4.2249399999999993 2.3875000000000006 2.9330370609782381 75.432806861601065
decision_type=2 2 2 2 2 2
left_child=3 2 -2 -1 -4 -6
right_child=1 -3 4 -5 5 -7
leaf_value=-0.016525168449034053 0.01366660116946421 0.020118567676913175 -0.0098459631926336791 -0.0017841932377010705 0 0.0021767307838060947
leaf_weight=9.117661010706799 7.433380653383213 8.0988358007743937 3.9251262708567101 9.5682288319803757 2.9888271136442199 3.2175502490717918
leaf_count=272 136 435 47 158 103 107
internal_value=0.000834041 0.00989641 0.00327606 -0.010467 -0.00309356 0
internal_weight=44.3496 25.6637 17.5649 18.6859 10.1315 6.20638
internal_count=1258 828 393 430 257 210
is_linear=0
shrinkage=0.02


Tree=34
num_leaves=6
num_cat=0
split_feature=7 7 1 7 9
split_gain=11.1292 2.99373 3.28744 1.29048 0.771907
threshold=2.6474657287157295 3.077500277500278 -4.2249399999999993 2.3875000000000006 2.9584159261790846
decision_type=2 2 2 2 2
left_child=3 2 -2 -1 -4
right_child=1 -3 4 -5 -6
leaf_value=-0.015964581219735607 0.012961971254035427 0.019705481437869651 -0.0086660149620345368 -0.0019985377031371161 0
leaf_weight=8.8752274736762065 7.3232819349505034 7.9021928240545085 4.3332605340983736 9.4102267194539291 5.4851080888183787
leaf_count=272 136 435 153 158 104
internal_value=0.000752128 0.00966833 0.00310768 -0.0102906 -0.00291243
internal_weight=43.3293 25.0438 17.1417 18.2855 9.81837
internal_count=1258 828 393 430 257
is_linear=0
shrinkage=0.02


Tree=35
num_leaves=5
num_cat=0
split_feature=9 7 1 7
split_gain=10.2189 5.38559 2.55804 3.34184
threshold=2.6357142857142861 2.4434523809523809 75.40447376617864 3.1839682539682541
decision_type=2 2 2 2
left_child=-1 -2 -3 -4
right_child=1 2 3 -5
leaf_value=-0.013584465674138506 -0.0095981524179169064 0.016304626302748759 -0.0081706354677509047 0.014049061165141485
leaf_weight=14.633897331776096 4.6020598211325732 13.542442225734705 4.8454642854630929 3.7954016376752406
leaf_count=144 224 532 163 176
internal_value=-0.000222275 0.00658438 0.0110734 0
internal_weight=41.4193 26.7854 22.1833 8.64087
internal_count=1239 1095 871 339
is_linear=0
shrinkage=0.02


Tree=36
num_leaves=5
num_cat=0
split_feature=7 7 3 0
split_gain=9.65652 2.59678 1.73686 0.0173612
threshold=2.9986111111111113 2.3875000000000006 2.5000000000000004 12.947147239606748
decision_type=2 2 2 2
left_child=1 -1 -3 -2
right_child=3 2 -4 -5
leaf_value=-0.015609458309898325 0 0.0035027256971904637 -0.0064774407510314888 0.018343764874765019
leaf_weight=7.8837039538193521 2.1110817098524404 9.872383808949964 13.728361804736776 6.9947078614495695
leaf_count=255 216 114 298 356
internal_value=-0.000272161 -0.00603332 -0.00151699 0.0162946
internal_weight=40.5902 31.4844 23.6007 9.10579
internal_count=1239 667 412 572
is_linear=0
shrinkage=0.02


Tree=37
num_leaves=6
num_cat=0
split_feature=9 7 1 7 8
split_gain=9.51733 4.9759 1.85797 4.19979 0.983217
threshold=2.6357142857142861 2.4434523809523809 75.367105068639447 3.1839682539682541 5.5000000000000009
decision_type=2 2 2 2 2
left_child=-1 -2 4 -4 -3
right_child=1 2 3 -5 -6
leaf_value=-0.013150062961144841 -0.0090841613423313858 0 -0.0056609684373492251 0.016278284268507012 0.020733084342523161
leaf_weight=14.316291607916353 4.4549318854697075 2.5284475125372428 6.4265886741923151 4.7503176052123308 7.7326321564614773
leaf_count=144 224 153 194 236 288
internal_value=-0.0001181 0.00656468 0.0109679 0.00259209 0.0172748
internal_weight=40.2092 25.8929 21.438 11.1769 10.2611
internal_count=1239 1095 871 430 441
is_linear=0
shrinkage=0.02


Tree=38
num_leaves=5
num_cat=0
split_feature=7 7 3 7
split_gain=8.82486 2.43722 1.94161 0.174822
threshold=2.9986111111111113 2.3875000000000006 2.5000000000000004 2.714312770562771
decision_type=2 2 2 2
left_child=1 -1 -3 -4
right_child=-2 2 3 -5
leaf_value=-0.014975043366254106 0.016060970713095278 0.0042395176541518776 -0.0087612772611577096 0
leaf_weight=7.61692110821605 8.8384446752024797 9.7914369790814835 7.9527173815295082 5.5970741086639464
leaf_count=255 572 114 150 148
internal_value=-1.0572e-06 -0.0055716 -0.00119219 -0.00651348
internal_weight=39.7966 30.9581 23.3412 13.5498
internal_count=1239 667 412 298
is_linear=0
shrinkage=0.02


Tree=39
num_leaves=5
num_cat=0
split_feature=9 7 1 7
split_gain=9.53403 4.66582 2.16324 3.60101
threshold=2.6357142857142861 2.4434523809523809 75.367105068639447 3.1839682539682541
decision_type=2 2 2 2
left_child=-1 -2 -3 -4
right_child=1 2 3 -5
leaf_value=-0.013042050807197308 -0.008493421874372022 0.017589567453376073 -0.0053996051790232156 0.015333181995247001
leaf_weight=14.231829339172689 4.2904875902459052 10.385094700148331 6.2553073029266653 4.4406607337296009
leaf_count=144 224 441 194 236
internal_value=0 0.00680928 0.0110731 0.00207309
internal_weight=39.6034 25.3716 21.0811 10.696
internal_count=1239 1095 871 430
is_linear=0
shrinkage=0.02


Tree=40
num_leaves=6
num_cat=0
split_feature=7 7 0 7 1
split_gain=8.03495 1.83084 1.19644 1.04608 1.71287
threshold=2.7361111111111112 2.3875000000000006 13.959412250000002 3.2528957626480852 75.369531769022814
decision_type=2 2 2 2 2
left_child=1 -1 -3 4 -2
right_child=3 2 -4 -5 -6
leaf_value=-0.013910086921219502 0.011776780168377245 -0.0065235798846257414 0.0034422844669704483 0.018190932902262771 -0.00088865069389321345
leaf_weight=8.1975409146398324 5.2436824587639439 8.2581612810026837 6.9972403533756724 6.2431168325711033 5.8459373227087781
leaf_count=273 197 154 87 403 169
internal_value=0.000440335 -0.00657615 -0.000791588 0.0108661 0.00392459
internal_weight=40.7857 23.4529 15.2554 17.3327 11.0896
internal_count=1283 514 241 769 366
is_linear=0
shrinkage=0.02


Tree=41
num_leaves=8
num_cat=0
split_feature=7 9 7 7 4 0 7
split_gain=7.43982 2.29561 1.84929 1.15815 1.32714 0.467934 0.376283
threshold=2.7361111111111112 2.3722222222222227 2.3875000000000006 3.2528957626480852 27.827869190478118 13.044205973060878 2.3291985791985796
decision_type=2 2 2 2 8 2 2
left_child=1 -1 6 4 -2 -4 -3
right_child=3 2 5 -5 -6 -7 -8
leaf_value=-0.016999530937336828 -0.001930188835461699 -0.014054171197357468 0 0.017984853940283346 0.0092213076300061911 0.0060557569958943963 0
leaf_weight=5.4386683967895832 4.164377827080898 3.3415579008869853 5.6033307239413244 6.2148020698223254 6.6638795901089924 5.819736665347591 2.937313721049577
leaf_count=70 100 196 117 403 266 83 48
internal_value=0.000418266 -0.00634757 -0.00127152 0.0105559 0.00344115 0.00225053 -0.00985569
internal_weight=40.1837 23.1406 17.7019 17.0431 10.8283 11.4231 6.27887
internal_count=1283 514 444 769 366 200 244
is_linear=0
shrinkage=0.02


Tree=42
num_leaves=7
num_cat=0
split_feature=7 9 7 7 1 7
split_gain=7.18522 1.85322 1.69971 1.144 1.53744 0.28782
threshold=2.7361111111111112 2.3722222222222227 2.3875000000000006 3.2528957626480852 75.369531769022814 2.3291985791985796
decision_type=2 2 2 2 2 2
left_child=1 -1 5 4 -2 -3
right_child=3 2 -4 -5 -6 -7
leaf_value=-0.016518745703628795 0.010927779323224611 -0.013749715778129513 0.001726722387981977 0.017731182245542602 -0.0013487383302347692 0
leaf_weight=5.1020622896030572 5.0578467308077979 3.2708069505170014 11.019732376793398 6.1371962435077867 5.5464947760337964 2.8806299469433725
leaf_count=70 197 196 200 403 169 48
internal_value=0.000337731 -0.00646262 -0.00162937 0.0103666 0.00322029 -0.00983891
internal_weight=39.0148 22.2732 17.1712 16.7415 10.6043 6.15144
internal_count=1283 514 444 769 366 244
is_linear=0
shrinkage=0.02


Tree=43
num_leaves=7
num_cat=0
split_feature=7 9 7 4 9 9
split_gain=6.92704 1.67605 1.05565 1.15809 0.416564 1.48814
threshold=2.7361111111111112 2.9994047619047621 3.2528957626480852 27.827869190478118 2.3722222222222227 2.7504901960784318
decision_type=2 2 2 8 2 2
left_child=1 4 3 -2 -1 -6
right_child=2 -3 -4 -5 5 -7
leaf_value=-0.016202266403051935 -0.0016960022833865534 0.00090439540643464029 0.017433101101518758 0.00869559616419582 0 -0.013233864189766107
leaf_weight=4.8632767244707855 4.0079525415785611 4.4673089922871432 6.0339040921535334 6.4645205623237434 8.6147811613045615 3.7536208010278633
leaf_count=70 100 88 403 266 87 269
internal_value=0.000323015 -0.00644847 0.010227 0.00317412 -0.00939674 -0.00421292
internal_weight=38.2054 21.699 16.5064 10.4725 17.2317 12.3684
internal_count=1283 514 769 366 426 356
is_linear=0
shrinkage=0.02


Tree=44
num_leaves=7
num_cat=0
split_feature=9 8 9 1 8 0
split_gain=4.46061 3.04324 2.22633 1.66292 2.83698 0.496288
threshold=2.9584159261790846 61.000000000000007 2.3388888888888895 75.40447376617864 8.5000000000000018 13.042430320336333
decision_type=2 2 2 2 2 2
left_child=2 -2 -1 4 -4 -6
right_child=1 -3 3 -5 5 -7
leaf_value=-0.014308494719526617 0.018328174820448156 0 -0.0068634966899766585 -0.0084197081186234042 0 0.014951464655475585
leaf_weight=5.4070417066104737 6.6952984954696131 6.1388923899503425 4.1404764886247021 6.1319811784196636 4.464959239587186 4.5949092428199947
leaf_count=81 152 197 347 275 139 92
internal_value=0.000348233 0.00994311 -0.00404525 0 0.00335218 0.0102271
internal_weight=37.5736 12.8342 24.7394 19.3323 13.2003 9.05987
internal_count=1283 349 934 853 578 231
is_linear=0
shrinkage=0.02


Tree=45
num_leaves=7
num_cat=0
split_feature=9 7 8 8 7 7
split_gain=7.9764 4.77733 1.34918 0.753899 0.567028 0.0230845
threshold=2.3722222222222227 2.3291985791985796 5.5000000000000009 64.000000000000014 2.9357147019647027 2.5988095238095243
decision_type=2 2 2 2 2 2
left_child=-1 -2 -3 5 -5 -4
right_child=1 2 3 4 -6 -7
leaf_value=-0.017189443086307484 -0.012373477547603637 0 0.0030293109495727957 -0.0015003373276396997 0.0071576005928005986 0.016175510313623544
leaf_weight=5.6809481515083453 2.8645674881991026 2.8815346575574976 4.8414889890700641 2.580800983356311 3.3672095512738451 12.161742288386447
leaf_count=80 192 217 109 68 159 439
internal_value=0.00181163 0.00669872 0.00994128 0.0115434 0.000847197 0.0139194
internal_weight=34.3783 28.6973 25.8328 22.9512 5.94801 17.0032
internal_count=1264 1184 992 775 227 548
is_linear=0
shrinkage=0.02


end of trees

feature_importances:
worker_avg_rating=103
user_avg_rating=41
worker_lon=31
worker_lat=17
worker_total_bookings=17
num_bookings=12
distance_km_scaled=6
charge=3

parameters:
[boosting: gbdt]
[objective: lambdarank]
[metric: ndcg]
[tree_learner: serial]
[device_type: cpu]
[data_sample_strategy: bagging]
[data: ]
[valid: ]
[num_iterations: 500]
[learning_rate: 0.02]
[num_leaves: 31]
[num_threads: 0]
[seed: 0]
[deterministic: 0]
[force_col_wise: 0]
[force_row_wise: 0]
[histogram_pool_size: -1]
[max_depth: 6]
[min_data_in_leaf: 100]
[min_sum_hessian_in_leaf: 0.001]
[bagging_fraction: 0.8]
[pos_bagging_fraction: 1]
[neg_bagging_fraction: 1]
[bagging_freq: 5]
[bagging_seed: 3]
[bagging_by_query: 0]
[feature_fraction: 0.8]
[feature_fraction_bynode: 1]
[feature_fraction_seed: 2]
[extra_trees: 0]
[extra_seed: 6]
[early_stopping_round: 0]
[early_stopping_min_delta: 0]
[first_metric_only: 0]
[max_delta_step: 0]
[lambda_l1: 1]
[lambda_l2: 1]
[linear_lambda: 0]
[min_gain_to_split: 0.01]
[drop_rate: 0.1]
[max_drop: 50]
[skip_drop: 0.5]
[xgboost_dart_mode: 0]
[uniform_drop: 0]
[drop_seed: 4]
[top_rate: 0.2]
[other_rate: 0.1]
[min_data_per_group: 100]
[max_cat_threshold: 32]
[cat_l2: 10]
[cat_smooth: 10]
[max_cat_to_onehot: 4]
[top_k: 20]
[monotone_constraints: ]
[monotone_constraints_method: basic]
[monotone_penalty: 0]
[feature_contri: ]
[forcedsplits_filename: ]
[refit_decay_rate: 0.9]
[cegb_tradeoff: 1]
[cegb_penalty_split: 0]
[cegb_penalty_feature_lazy: ]
[cegb_penalty_feature_coupled: ]
[path_smooth: 0]
[interaction_constraints: ]
[verbosity: -1]
[saved_feature_importance_type: 0]
[use_quantized_grad: 0]
[num_grad_quant_bins: 4]
[quant_train_renew_leaf: 0]
[stochastic_rounding: 1]
[linear_tree: 0]
[max_bin: 255]
[max_bin_by_feature: ]
[min_data_in_bin: 3]
[bin_construct_sample_cnt: 200000]
[data_random_seed: 1]
[is_enable_sparse: 1]
[enable_bundle: 1]
[use_missing: 1]
[zero_as_missing: 0]
[feature_pre_filter: 1]
[pre_partition: 0]
[two_round: 0]
[header: 0]
[label_column: ]
[weight_column: ]
[group_column: ]
[ignore_column: ]
[categorical_feature: 5]
[forcedbins_filename: ]
[precise_float_parser: 0]
[parser_config_file: ]
[objective_seed: 5]
[num_class: 1]
[is_unbalance: 0]
[scale_pos_weight: 1]
[sigmoid: 1]
[boost_from_average: 1]
[reg_sqrt: 0]
[alpha: 0.9]
[fair_c: 1]
[poisson_max_delta_step: 0.7]
[tweedie_variance_power: 1.5]
[lambdarank_truncation_level: 30]
[lambdarank_norm: 1]
[label_gain: 0,1]
[lambdarank_position_bias_regularization: 0]
[eval_at: 1,3,5]
[multi_error_top_k: 1]
[auc_mu_weights: ]
[num_machines: 1]
[local_listen_port: 12400]
[time_out: 120]
[machine_list_filename: ]
[machines: ]
[gpu_platform_id: -1]
[gpu_device_id: -1]
[gpu_use_dp: 0]
[num_gpu: 1]

end of parameters

pandas_categorical:[[0, 1, 2, 3]]
